1.1;1.49;15
1.2;1.60;17
1.3;1.31;14
1.4;1.04;10
1.5;1.09;15
1.6;1.45;15
1.7;1.07;16
1.8;1.37;14
1.9;1.33;15
1.10;1.97;12
1.11;1.90;11
1.12;1.09;10
1.13;1.19;19
1.14;1.21;11
1.15;1.65;13
1.16;1.99;18
1.17;1.72;14
1.18;1.54;11
1.19;1.63;12
1.20;1.28;12
1.21;1.54;14
1.22;1.11;11
1.23;1.75;10
1.24;1.83;11
1.25;1.90;13
1.26;1.86;12
1.27;1.82;12
1.28;1.66;16
1.29;1.24;20
1.30;1.20;18
1.31;1.57;11
2.1;1.87;18
2.2;1.74;11
2.3;1.39;19
2.4;1.88;10
2.5;1.79;17
2.6;1.44;17
2.7;1.05;10
2.8;1.63;18
2.9;1.06;13
2.10;1.96;10
2.11;1.32;19
2.12;1.69;14
2.13;1.83;11
2.14;1.54;16
2.15;1.97;10
2.16;1.57;10
2.17;1.82;16
2.18;1.83;20
2.19;1.93;19
2.20;1.44;15
2.21;1.07;12
2.22;1.63;10
2.23;1.25;15
2.24;1.81;10
2.25;1.91;12
2.26;1.87;11
2.27;1.40;17
2.28;1.84;16
3.1;1.02;19
3.2;1.11;12
3.3;1.67;17
3.4;1.29;19
3.5;1.53;15
3.6;1.85;20
3.7;1.36;13
3.8;1.44;14
3.9;1.94;19
3.10;1.91;19
3.11;1.16;11
3.12;1.97;16
3.13;1.98;18
3.14;1.46;20
3.15;1.42;14
3.16;1.83;16
3.17;1.04;11
3.18;1.83;19
3.19;1.03;12
3.20;1.18;16
3.21;1.52;11
3.22;1.87;10
3.23;1.73;19
3.24;1.41;10
3.25;1.91;14
3.26;1.10;12
3.27;2.00;16
3.28;1.20;17
3.29;1.53;20
3.30;1.66;15
3.31;1.03;13